4827
4829
4830
4832
4835
4836
4837
4838
4839
4840
4841
4842
4843
4844
4845
4846
4847
4848
4849
4850
4851
4852
4853
4854
4855
4856
4857
4858
4859
4860
4861
4862
4863
4864
4864
4865
4866
4867
4868
4869
4870
4871
4872
4873
4874
4875
4876
4877
4878
4879
4880
4881
4882
4883
4884
4885
4886
4887
4888
4889
4890
4891
4892
4893
4894
4895
4896
4897
4900
4901
4902
4902
4903
4903
4904
4905
4905
4906
4907
4907
4908
4909
4909
4909
4910
4910
4910
4911
4911
4912
4912
4913
4913
4914
4915
4915
4915
4916
4916
4916
4917
4917
4917
4918
4919
4919
4919
4920
4921
4921
4921
4922
4922
4922
4923
4924
4925
4925
4926
4926
4926
4927
4927
4928
4928
4929
4929
4929
4930
4931
4932
4933
4933
4934
4935
4935
4935
4936
4936
4937
4937
4937
4938
4938
4938
4939
4939
4939
4940
4940
4940
